Ejemplo1:

8.528997e-01,4.455033e-04,2.023997e-03,5.397792e-03,5.944923e-04,1.067563e-03,3.566097e-03,1.382548e-03,6.985887e-04,1.958344e-04,1.076955e-03,1.207479e-03,9.879777e-03,1.368514e-04,9.025464e-04,5.268854e-04,4.552294e-03,1.122561e-05,1.755626e-03,3.247557e-04,7.025530e-03,1.466073e-03,2.234936e-05,1.498200e-03,1.303323e-04,1.820097e-03,8.807117e-06,1.728758e-03,5.288978e-04,1.224419e-03

Sol: 8.528997e-01	-7.643075e-01

Ejemplo2:

2.917285e-10,1.051905e-03,2.853023e-03,3.891450e-03,1.396144e-03,4.766865e-03,1.042096e-05,9.241911e-04,1.982796e-04,1.247510e-04,2.125590e-02,1.597973e-04,6.041275e-03,2.923460e-03,1.524875e-03,5.119285e-04,3.634346e-03,1.013232e-05,1.703311e-03,3.361386e-04,6.867006e-04,9.231715e-04,2.361258e-04,2.826005e-05,2.845053e-04,7.929879e-03,1.948142e-03,1.790632e-02,1.683846e-02,3.273457e-04

Sol: 2.917285e-10	1.031150e+00